Iceland: 0.9061130500000001
Norway: 0.8052604433333334
Denmark: 0.7921954133333333
New Zealand: 0.78775615
Switzerland: 0.7840562233333334
Sweden: 0.7799823433333334
Croatia: 0.7781565098039216
Latvia: 0.7743830588235294
Finland: 0.7563155539215687
Ecuador: 0.7528635539215687
Portugal: 0.7391146568627451
Austria: 0.7353097900000001
Slovenia: 0.7323682107843137
Sri Lanka: 0.7255224803921569
Peru: 0.6961790588235295
Estonia: 0.6736672916666666
Colombia: 0.6666343529411765
Chile: 0.6463780588235295
Greece: 0.6395352941176471
Romania: 0.614624375
Luxembourg: 0.5939440952380952
Bulgaria: 0.585856625
Hungary: 0.5138632023809524
Brazil: 0.49498984999999995
Spain: 0.4815371764705882
Belgium: 0.47018664285714284
Philippines: 0.469555125
Israel: 0.45771228571428574
Azerbaijan: 0.4558301666666667
Canada: 0.4454426
Argentina: 0.41526762500000003
Pakistan: 0.40663625000000003
Italy: 0.40008984117647056
Belarus: 0.386073
Germany: 0.36575046470588235
France: 0.345560025
Ukraine: 0.34204771428571434
Bangladesh: 0.3311385
Australia: 0.329078325
Algeria: 0.32783725
Malaysia: 0.32399442857142857
Mexico: 0.287793775
Indonesia: 0.27848887499999997
Thailand: 0.275003
Iraq: 0.2700165
Poland: 0.26898714285714287
Kazakhstan: 0.2669154285714286
Japan: 0.23427389999999998
South Africa: 0.18817288571428567
