high_economic_freedom: 0.950150027578599
risk_high_temperature: 0.9902272787936235
alarming_suicide_rate: 0.9227410226214423
high_corruption_concern: 0.8563119405656999
dangerous_population_density: 0.6602409775773564
huge_agricultural_land_percentage: 0.966111627662648
extensive_surface: 0.7856614736539522
strong_armed_forces_rate: 0.792070436204547
high_birth_rate: 0.8668899998125972
critical_co2: 0.688117922450773
high_cpi_rate: 0.8495636727535152
high_fertility_rate: 0.7576285319106896
vast_forested_area_percentage: 0.9324967673019621
wealthy_gdp_per_capita: 0.7165275524620692
high_education_primary: 0.644962634329094
high_education_tertiary: 0.7484000597104046
high_infant_mortality_rate: 0.8179483891867039
long_life_expectancy: 0.8341579705773935
big_population_size: 0.7234969426652689
numerous_active_workers: 0.9581816550796143
high_tax_revenue_percentage: 0.9565605618870925
significant_population_unemployed: 0.773346005540386
large_urban_population: 0.7515918158059118
abundant_renewable_energy: 0.7021798440145384
high_min_wage: 0.8753877401608176
high_median_age: 0.9229737609329446
